
Launcher coin ID:          ac782fca170899ccb11a272f215e2482eeeb27a2aaf72e5aaa9b6433edb191b4
NFT identifier:            nft143uzljshpzvuevg6yuhjzh3ysthwkfaz4tmjuk42ndjr8md3jx6qmfsk0s
Launcher puzhash:          eff07522495060c066f66f32acc2a77e3a3e737aca8baea4d1a64ea4cdc13da9
Current NFT coin ID:       d4ecd14c87163bfbc90c17007f6397f4f1656ee3166e0fcb902f382314b6078b
On-chain data/info:        ((117 "https://eugflp3iymmxolo52tswbvmah47aomqlhijc7ifkh2n7w5yebipa.arweave.net/JQxVv2jDGXct3dTlYNWAPz4HMgs6Ei-gqj6b-3cECh4/29.jpg") (104 . 0x6f4cee905812d47cc4117b0e9845cf76e5fea798026f28e6885c98eed04c80fc) (28021 "https://fhdkifuy53dtrjzx3pb6bwllmqlao72oab6tawoccu44avvk4dlq.arweave.net/KcakFpjuxzinN9vD4NlrZBYHf04AfTBZwhU5wFaq4Nc/29.json") (27765 "https://brupjmoujkngrphu3i2duumbdrhef55hxdhm52lktnwxt54gs6aq.arweave.net/DGj0sdRKmmi89No0OlGBHE5C96e4zs7papttefeGl4E") (29550 . 1) (29556 . 1) (28008 . 0xe1b39ecb5361c477ebb0dc6eaeeb76004b0e7ac2fb5c89f4d20742cc418eb7c5) (27752 . 0xa19d58aaab15c4d0019e569d1c073d1b5286fdd37dbeee7a58a7d1ae76045ae1))
Owner DID:                 did:chia:1lfj2k4c5yhc0zu922ys99srg3363sqfueavlm46vu8tck3vwa7lq87mrzg
Royalty percentage:        500
Royalty puzhash:           fd36b8c69c3400bcf4b5dc2060f859a319d7612de480e07ab6301ae9c0b7a96c
NFT content hash:          6f4cee905812d47cc4117b0e9845cf76e5fea798026f28e6885c98eed04c80fc
Metadata hash:             e1b39ecb5361c477ebb0dc6eaeeb76004b0e7ac2fb5c89f4d20742cc418eb7c5
License hash:              a19d58aaab15c4d0019e569d1c073d1b5286fdd37dbeee7a58a7d1ae76045ae1
NFT edition total:         1
Current NFT number in the edition: 1
Metadata updater puzhash:  fe8a4b4e27a2e29a4d3fc7ce9d527adbcaccbab6ada3903ccf3ba9a769d2d78b
NFT minting block height:  2520309
Inner puzzle supports DID: True
NFT is pending for a transaction: False

URIs:
29
43
53
54
61
77
78
79
85
94
97
102
105
109
111
112
113
115
116
118
125
126
131
133
134
136
137
138
141
144
147
148
150
153
154
156
157
158
159
160
161
163
167
168
169
173
175
181
185
191
193
196
198
199
201
204
206
209
210
214
216
218
219
221
222
226
227
228
230
232
234
239
240
242
243
245
248
249
250
252
259
262
264
265
267
269
271
273
275
278
279
280
281
282
283
285
286
287
291
293
294
295
296
297
299
304
307
308
314
315
316
317
318
319
320
322
323
324
325
328
330
331
332
333
335
336
337
345
346
349
350
354
359
360
362
363
364
367
368
371
372
373
374
376
379
383
386
388
390
392
394
396
397
398
403
406
409
412
414
419
422
425
428
429
433
434
435
439
440
441
443
444
446
447
448
450
451
452
458
459
460
463
464
465
471
472
476
477
478
479
481
482
488
489
491
492
493
494
495
496
497
498
499
500
501
502
503
506
510
511
512
514
518
523
524
526
529
530
531
533
538
539
543
545
546
549
550
551
552
553
554
555
556
558
561
562
565
567
569
574
579
580
582
583
585
587
588
589
590
592
594
596
597
598
600
601
602
603
604
605
609
610
611
612
613
616
617
618
619
621
622
625
631
633
634
636
637
638
639
641
645
647
648
649
650
651
652
653
654
655
658
659
660
662
663
667
668
670
673
674
676
677
678
681
683
684
686
687
688
696
700
701
702
703
707
709
710
711
713
716
717
719
721
722
723
725
726
727
728
730
731
732
735
737
738
739
743
746
749
753
755
757
759
761
765
768
775
776
778
780
781
782
783
784
785
787
788
790
791
792
793
798
800
801
803
804
805
806
807
808
811
813
814
816
818
820
821
823
825
826
827
828
833
835
837
839
840
841
842
845
847
848
850
852
853
854
857
859
865
867
871
872
873
874
876
877
879
880
881
882
884
887
888
889
893
894
895
896
897
904
905
908
910
913
915
917
918
919
921
923
925
929
930
932
933
935
936
939
941
942
943
945
948
951
953
954
955
956
957
959
960
961
963
964
969
973
974
975
976
979
981
982
983
984
985
987
988
989
990
991
994
995
996
1002
1006
1007
1008
1010
1014
1015
1022
1026
1028
1029
1030
1031
1036
1037
1039
1040
1041
1043
1045
1046
1048
1049
1052
1054
1057
1058
1059
1062
1064
1065
1069
1070
1073
1075
1076
1078
1079
1081
1083
1085
1086
1087
1088
1090
1092
1095
1096
1101
1103
1109
1110
1111
1112
1113
1117
1121
1123
1125
1126
1128
1130
1131
1132
1133
1134
1135
1136
1137
1141
1142
1146
1149
1151
1154
1159
1165
1167
1169
1181
1183
1185
1188
1192
1195
1197
1198
1200
1201
1203
1205
1206
1207
1208
1209
1212
1214
1215
1216
1218
1220
1221
1222
1224
1227
1229
1230
1231
1232
1233
1235
1237
1238
1239
1240
1242
1243
1245
1246
1250
1251
1253
1254
1255
1257
1258
1259
1262
1266
1267
1268
1269
1271
1272
1273
1276
1278
1281
1282
1285
1289
1290
1292
1293
1294
1295
1298
1299
1300
1302
1304
1305
1307
1309
1310
1311
1313
1314
1317
1319
1320
1327
1328
1331
1332
1335
1336
1340
1342
1343
1344
1345
1346
1348
1351
1354
1355
1356
1357
1360
1361
1362
1363
1364
1367
1371
1373
1374
1381
1382
1383
1384
1386
1387
1388
1392
1394
1398
1399
1401
1402
1403
1404
1406
1407
1408
1409
1410
1411
1417
1418
1420
1422
1423
1425
1426
1433
1437
1438
1440
1441
1442
1443
1444
1446
1447
1448
1449
1450
1451
1453
1455
1456
1457
1458
1461
1464
1465
1467
1468
1470
1473
1475
1476
1477
1479
1480
1482
1484
1487
1488
1492
1493
1496
1499
1501
1507
1508
1514
1515
1520
1521
1527
1529
1530
1534
1535
1537
1538
1539
1540
1542
1545
1546
1548
1550
1551
1553
1554
1556
1559
1560
1561
1562
1564
1566
1567
1569
1571
1576
1577
1579
1581
1583
1585
1586
1588
1589
1590
1591
1593
1597
1598
1599
1601
1602
1603
1605
1606
1609
1611
1612
1615
1617
1619
1621
1622
1625
1626
1629
1630
1633
1634
1637
1638
1642
1643
1645
1647
1648
1649
1650
1653
1655
1657
1659
1660
1661
1662
1663
1664
1665
1666
1667
1669
1670
1673
1675
1676
1677
1678
1680
1681
1683
1685
1687
1690
1693
1695
1698
1703
1705
1706
1709
1711
1715
1718
1719
1721
1723
1725
1726
1727
1729
1730
1733
1735
1736
1737
1812
1815
1818
1822
1823
1825
1826
1829
1831
1832
1833
1838
1842
1843
1844
1845
1849
1852
1854
1855
1858
1859
1860
1861
1862
1863
1864
1865
1866
1867
1869
1870
1871
1873
1874
1876
1879
1880
1881
1882
1883
1884
1888
1889
1890
1893
1897
1899
1901
1902
1904
1906
1907
1909
1910
1911
1912
1913
1914
1915
1917
1918
1919
1920
1923
1924
1926
1927
1929
1931
1932
1933
1934
1935
1936
1938
1939
1940
1941
1942
1943
1946
1947
1948
1949
1951
1953
1959
1961
1964
1965
1966
1967
1968
1971
1973
1974
1975
1977
1978
1979
1981
1982
1985
1986
1987
1990
1991
1993
1994
1995
1996
1997
2000
2001
2002
2003
2005
2006
2009
2010
2011
2013
2015
2017
2021
2023
2024
2026
2027
2029
2030
2031
2032
2033
2034
2035
2037
2039
2041
2042
2044
2046
2049
2050
2053
2055
2059
2060
2061
2062
2064
2065
2067
2070
2071
2073
2075
2076
2077
2078
2079
2080
2081
2085
2088
2089
2090
2092
2093
2094
2096
2099
2101
2102
2105
2109
2110
2111
2112
2114
2122
2123
2125
2126
2127
2128
2130
2133
2134
2136
2137
2138
2149
2154
2155
2159
2160
2162
2163
2166
2167
2168
2169
2171
2172
2173
2174
2178
2179
2181
2182
2185
2188
2189
2190
2193
2197
2198
2200
2201
2202
2205
2206
2207
2208
2210
2211
2213
2215
2216
2217
2219
2222
2224
2225
2227
2229
2230
2233
2235
2236
2237
2238
2240
2242
2243
2244
2246
2247
2248
2249
2250
2251
2253
2254
2255
2256
2258
2261
2262
2265
2266
2270
2273
2274
2277
2278
2280
2281
2282
2283
2286
2287
2288
2289
2290
2293
2294
2295
2296
2297
2298
2300
2301
2303
2305
2306
2307
2309
2310
2312
2314
2315
2317
2319
2322
2324
2327
2330
2331
2333
2335
2336
2337
2339
2342
2343
2345
2347
2349
2350
2352
2356
2357
2362
2363
2365
2366
2369
2371
2373
2374
2376
2377
2378
2379
2380
2381
2382
2383
2384
2385
2390
2391
2393
2394
2395
2399
2401
2405
2407
2408
2409
2410
2414
2417
2418
2419
2420
2421
2422
2424
2425
2426
2430
2431
2432
2433
2434
2435
2436
2437
2438
2441
2442
2443
2445
2446
2449
2451
2452
2453
2454
2458
2461
2462
2463
2464
2465
2466
2467
2470
2473
2474
2477
2478
2479
2480
2485
2487
2490
2491
2492
2493
2494
2496
2497
2498
2500
2504
2505
2508
2509
2512
2513
2514
2515
2517
2518
2521
2522
2523
2525
2526
2528
2530
2531
2534
2538
2539
2543
2544
2545
2546
2549
2550
2551
2553
2554
2555
2556
2557
2558
2560
2563
2565
2566
2571
2572
2574
2576
2577
2582
2586
2587
2589
2590
2591
2592
2593
2594
2595
2597
2601
2602
2603
2605
2607
2608
2610
2612
2614
2615
2616
2617
2618
2619
2622
2623
2625
2627
2629
2631
2635
2636
2637
2638
2641
2643
2644
2645
2646
2647
2649
2650
2651
2654
2655
2656
2657
2658
2659
2664
2665
2666
2667
2669
2670
2671
2673
2675
2676
2677
2679
2682
2683
2684
2685
2686
2687
2690
2691
2694
2695
2697
2698
2700
2702
2703
2704
2705
2708
2709
2710
2711
2716
2717
2721
2723
2724
2725
2726
2727
2728
2729
2730
2732
2733
2734
2735
2737
2740
2741
2744
2745
2746
2748
2749
2750
2751
2754
2755
2757
2758
2760
2761
2762
2763
2765
2766
2767
2771
2773
2775
2777
2779
2781
2782
2784
2786
2787
2788
2789
2793
2796
2797
2799
2800
2801
2802
2804
2805
2807
2808
2809
2810
2813
2815
2816
2819
2820
2821
2822
2823
2825
2826
2831
2833
2834
2835
2836
2838
2839
2844
2845
2847
2849
2852
2853
2855
2856
2858
2860
2861
2862
2863
2864
2865
2866
2867
2868
2870
2872
2876
2877
2878
2879
2880
2882
2885
2887
2891
2892
2893
2894
2895
2898
2899
2903
2904
2905
2906
2907
2909
2910
2914
2916
2917
2918
2921
2924
2927
2929
2931
2932
2933
2934
2935
2936
2937
2939
2940
2941
2942
2943
2944
2945
2946
2948
2951
2955
2956
2957
2958
2959
2961
2965
2968
2970
2972
2973
2976
2978
2979
2980
2981
2982
2983
2984
2986
2987
2988
2989
2990
2991
2993
2995
2997
2998
2999
3000
3001
3002
3004
3005
3006
3008
3009
3010
3011
3012
3013
3015
3017
3019
3020
3024
3025
3026
3029
3030
3032
3033
3034
3038
3041
3042
3045
3047
3050
3051
3052
3053
3054
3055
3056
3059
3062
3063
3064
3065
3066
3067
3068
3069
3073
3074
3076
3077
3078
3079
3080
3081
3082
3083
3085
3087
3090
3091
3092
3093
3095
3096
3098
3100
3102
3107
3109
3112
3114
3115
3117
3118
3120
3123
3124
3125
3127
3128
3131
3133
3135
3136
3137
3139
3140
3143
3144
3145
3146
3148
3149
3152
3153
3154
3155
3156
3159
3161
3162
3165
3167
3168
3170
3173
3174
3175
3177
3178
3179
3183
3184
3185
3188
3189
3191
3192
3194
3196
3197
3198
3199
3200
3201
3202
3203
3204
3205
3206
3207
3208
3209
3210
3213
3214
3215
3217
3218
3219
3223
3224
3226
3227
3228
3229
3230
3231
3232
3233
3234
3236
3240
3241
3131
3133
3135
3136
3137
3139
3140
3143
3145
3146
3148
3149
3152
3153
3154
3155
3156
3159
3161
3165
3167
3170
3173
3174
3175
3177
3178
3179
3183
3184
3185
3188
3191
3192
3194
3196
3197
3198
3199
3201
3202
3203
3204
3205
3206
3207
3209
3210
3213
3214
3215
3217
3218
3219
3223
3224
3226
3227
3228
3229
3230
3231
3233
3234
3236
3240
3241
3246
3247
3249
3250
3252
3253
3254
3255
3256
3257
3258
3259
3260
3261
3263
3264
3266
3267
3272
3273
3274
3276
3282
3283
3286
3289
3290
3291
3292
3296
3297
3298
3301
3302
3303
3304
3305
3306
3308
3309
3312
3316
3317
3319
3322
3323
3326
3328
3331
3332
3333
3334
3337
3338
3339
3342
3343
3344
3345
3351
3352
3353
3355
3358
3359
3362
3364
3365
3367
3368
3369
3370
3371
3372
3373
3377
3379
3381
3382
3383
3385
3386
3387
3389
3394
3397
3399
3400
3401
3402
3403
3405
3406
3407
3408
3409
3410
3412
3414
3415
3416
3417
3418
3420
3421
3425
3427
3428
3429
3430
3434
3435
3437
3439
3440
3441
3442
3445
3446
3448
3451
3452
3453
3454
3455
3457
3458
3459
3461
3462
3463
3467
3468
3469
3470
3473
3474
3476
3479
3480
3481
3482
3483
3485
3486
3487
3488
3491
3492
3495
3496
3499
3500
3501
3503
3504
3507
3508
3514
3515
3517
3519
3520
3521
3522
3524
3525
3528
3529
3538
3541
3542
3543
3547
3552
3554
3557
3561
3565
3566
3567
3568
3569
3571
3572
3573
3575
3576
3577
3578
3579
3580
3581
3582
3583
3585
3586
3589
3590
3591
3593
3596
3597
3599
3603
3605
3606
3608
3610
3611
3615
3618
3620
3623
3626
3628
3629
3631
3633
3634
3636
3637
3638
3639
3641
3642
3649
3650
3651
3652
3655
3656
3657
3658
3660
3662
3664
3665
3666
3668
3670
3671
3674
3676
3678
3680
3683
3684
3685
3686
3687
3688
3689
3691
3692
3693
3694
3695
3697
3698
3699
3702
3703
3704
3706
3707
3708
3709
3711
3712
3714
3716
3717
3720
3721
3722
3723
3724
3730
3733
3735
3736
3737
3738
3740
3741
3743
3745
3746
3747
3748
3749
3750
3751
3752
3753
3757
3759
3760
3761
3762
3763
3764
3765
3766
3768
3769
3771
3774
3775
3776
3777
3778
3779
3780
3781
3783
3784
3786
3787
3788
3789
3790
3791
3792
3793
3794
3796
3797
3798
3800
3801
3804
3805
3806
3807
3808
3812
3814
3815
3816
3818
3819
3821
3822
3824
3827
3828
3829
3830
3832
3834
3835
3837
3838
3839
3840
3841
3843
3844
3845
3846
3849
3852
3853
3856
3858
3859
3861
3862
3863
3864
3866
3867
3868
3869
3870
3873
3875
3876
3877
3878
3879
3880
3882
3884
3885
3886
3887
3889
3890
3891
3892
3893
3894
3895
3897
3898
3899
3900
3901
3903
3906
3907
3911
3912
3915
3917
3918
3920
3921
3924
3929
3935
3936
3937
3938
3941
3942
3943
3945
3946
3947
3948
3952
3954
3957
3959
3960
3962
3963
3964
3966
3967
3970
3973
3974
3976
3977
3978
3981
3986
3988
3989
3992
3993
3995
3996
3997
4002
4003
4006
4007
4008
4009
4010
4011
4016
4017
4019
4020
4022
4023
4025
4026
4027
4028
4029
4030
4031
4033
4034
4036
4037
4038
4040
4041
4043
4044
4045
4046
4047
4050
4051
4057
4058
4059
4060
4061
4062
4064
4067
4068
4070
4071
4072
4073
4075
4076
4077
4079
4080
4085
4086
4087
4088
4089
4090
4091
4092
4095
4096
4098
4099
4100
4102
4104
4105
4106
4109
4110
4113
4115
4116
4117
4118
4121
4122
4124
4127
4128
4131
4132
4133
4134
4140
4142
4143
4149
4151
4152
4153
4154
4156
4157
4158
4159
4160
4163
4164
4166
4168
4174
4177
4179
4180
4181
4183
4184
4186
4187
4190
4195
4196
4197
4198
4202
4204
4205
4206
4209
4213
4214
4215
4216
4217
4219
4220
4221
4222
4224
4228
4229
4230
4231
4233
4234
4235
4236
4239
4240
4243
4244
4246
4248
4249
4251
4254
4255
4258
4259
4263
4264
4265
4266
4267
4268
4270
4271
4273
4275
4276
4279
4280
4281
4283
4284
4286
4288
4289
4290
4291
4292
4293
4294
4295
4298
4300
4301
4302
4303
4304
4305
4309
4310
4312
4313
4314
4317
4318
4319
4320
4321
4322
4323
4324
4327
4329
4337
4339
4340
4342
4344
4345
4347
4350
4351
4353
4355
4356
4357
4358
4359
4360
4361
4363
4365
4366
4367
4368
4369
4370
4371
4373
4374
4378
4379
4381
4384
4385
4387
4389
4390
4391
4393
4394
4397
4399
4401
4404
4405
4407
4409
4410
4411
4412
4413
4416
4418
4419
4421
4424
4426
4428
4430
4432
4433
4434
4435
4436
4437
4438
4439
4440
4441
4442
4444
4446
4447
4448
4450
4455
4456
4457
4458
4459
4460
4461
4462
4463
4465
4466
4468
4469
4470
4471
4475
4476
4477
4479
4480
4482
4486
4488
4490
4491
4492
4493
4494
4495
4498
4501
4502
4504
4506
4509
4510
4511
4516
4517
4518
4519
4520
4521
4522
4523
4525
4529
4531
4532
4533
4534
4535
4536
4539
4546
4547
4548
4550
4554
4556
4558
4559
4560
4561
4562
4563
4564
4565
4566
4568
4569
4570
4571
4572
4573
4576
4578
4580
4582
4583
4584
4585
4588
4589
4590
4591
4592
4593
4594
4596
4599
4600
4601
4602
4603
4604
4605
4606
4607
4608
4609
4610
4611
4612
4613
4615
4616
4617
4618
4620
4621
4625
4626
4630
4633
4634
4638
4639
4641
4642
4643
4644
4645
4647
4648
4650
4652
4653
4654
4655
4658
4659
4661
4662
4664
4665
4667
4670
4671
4673
4674
4675
4676
4677
4679
4682
4684
4685
4686
4687
4689
4690
4693
4694
4699
4700
4701
4703
4704
4707
4709
4710
4713
4715
4716
4718
4721
4722
4723
4728
4729
4731
4732
4734
4736
4741
4742
4744
4745
4746
4747
4748
4751
4752
4753
4756
4757
4758
4760
4761
4762
4763
4764
4765
4767
4770
4771
4772
4777
4778
4780
4781
4783
4786
4787
4789
4790
4793
4794
4795
4796
4797
4798
4800
4802
4806
4811
4812
4813
4814
4818
4819
4821
4822
4826
4827
4832
4835
4837
4839
4841
4842
4843
4846
4847
4848
4850
4851
4852
4853
4854
4855
4858
4859
4860
4861
4863
4864
4865
4866
4867
4868
4869
4870
4871
4874
4876
4877
4878
4880
4881
4882
4884
4885
4886
4888
4889
4890
4892
4893
4895
4896
4897
4899
4900
4901
4902
4903
4905
4906
4907
4908
4909
4910
4914
4918
4919
4922
4924
4925
4926
4927
4929
4930
4932
4933
4934
4937
4941
4942
4943
4944
4945
4946
4947
4949
4951
4953
4954
4955
4957
4958
4959
4961
4962
4963
4964
4965
4967
4968
4969
4970
4971
4975
4977
4981
4985
4986
4987
4989
4991
4992
4994
4999
5003
5004
5005
5006
5007
5008
5009
5010
5011
5012
5013
5014
5015
5016
5019
5020
5021
5024
5026
5028
5029
5030
5031
5032
5035
5036
5038
5040
5041
5042
5043
5044
5045
5046
5047
5048
5049
5050
5051
5054
5055
5057
5058
5060
5061
5063
5065
5066
5067
5068
5071
5072
5074
5076
5079
5081
5082
5083
5084
5085
5087
5089
5092
5093
5094
5095
5096
5097
5099
5101
5103
5105
5107
5108
5109
5110
5113
5114
5115
5118
5119
5120
5123
5124
5125
5132
5133
5134
5135
5136
5137
5138
5139
5141
5142
5144
5145
5146
5147
5149
5152
5153
5154
5155
5157
5161
5162
5163
5164
5168
5169
5171
5174
5175
5176
5177
5178
5181
5182
5183
5185
5188
5191
5192
5194
5195
5196
5198
5199
5200
5201
5202
5204
5205
5206
5208
5211
5212
5215
5216
5217
5219
5220
5221
5223
5224
5225
5226
5227
5230
5232
5233
5234
5235
5236
5237
5238
5240
5241
5245
5246
5247
5248
5250
5251
5252
5253
5255
5256
5259
5260
5263
5264
5265
5266
5267
5268
5269
5272
5273
5274
5276
5277
5278
5279
5280
5281
5282
5283
5284
5285
5286
5287
5288
5289
5290
5292
5293
5295
5296
5297
5300
5301
5302
5303
5304
5305
5306
5309
5312
5313
5315
5316
5317
5318
5320
5321
5322
5323
5326
5327
5329
5330
5333
5334
5337
5342
5343
5344
5346
5347
5348
5349
5350
5351
5352
5353
5355
5356
5357
5358
5359
5360
5362
5363
5364
5366
5367
5368
5369
5370
5371
5373
5375
5377
5379
5380
5382
5384
5385
5387
5388
5391
5392
5394
5396
5397
5398
5399
5400
5401
5403
5405
5407
5408
5409
5411
5412
5413
5415
5416
5420
5421
5422
5424
5425
5426
5427
5428
5431
5432
5433
5436
5437
5438
5441
5444
5445
5446
5447
5448
5451
5452
5453
5454
5455
5456
5457
5458
5459
5460
5462
5463
5464
5465
5466
5467
5470
5471
5472
5473
5474
5475
5476
5477
5478
5480
5481
5482
5484
5485
5487
5489
5492
5493
5495
5496
5498
5499
5500
5501
5503
5505
5507
5508
5511
5512
5514
5516
5517
5518
5519
5520
5521
5524
5525
5526
5527
5528
5529
5530
5531
5532
5534
5535
5537
5540
5541
5543
5544
5545
5546
5547
5548
5550
5551
5552
5553
5554
5556
5558
5559
5562
5563
5564
5565
5567
5569
5570
5572
5573
5574
5575
5576
5577
5579
5580
5581
5585
5588
5590
5592
5593
5594
5595
5596
5601
5602
5603
5604
5605
5607
5608
5610
5612
5613
5615
5616
5617
5618
5620
5626
5629
5630
5631
5633
5634
5637
5638
5639
5640
5641
5642
5646
5649
5650
5651
5653
5654
5655
5658
5659
5661
5662
5663
5665
5668
5670
5671
5673
5674
5675
5676
5677
5681
5683
5684
5685
5686
5687
5688
5691
5693
5694
5695
5696
5699
5700
5701
5703
5704
5709
5711
5713
5714
5716
5717
5719
5720
5721
5725
5727
5730
5731
5732
5733
5737
5739
5740
5742
5745
5749
5752
5754
5755
5757
5758
5761
5762
5763
5766
5767
5768
5770
5772
5773
5775
5776
5778
5779
5780
5783
5788
5789
5790
5791
5794
5795
5797
5798
5799
5800
5801
5802
5804
5805
5806
5807
5809
5810
5811
5812
5813
5814
5815
5817
5818
5819
5820
5822
5824
5825
5826
5827
5833
5834
5836
5837
5838
5840
5846
5847
5848
5850
5852
5853
5854
5856
5857
5858
5859
5862
5864
5865
5866
5867
5868
5869
5870
5871
5872
5873
5875
5876
5877
5878
5879
5880
5881
5882
5883
5886
5888
5890
5891
5893
5895
5896
5897
5898
5899
5902
5903
5904
5905
5906
5910
5915
5918
5919
5920
5921
5922
5923
5924
5928
5929
5933
5934
5935
5936
5937
5938
5939
5940
5941
5942
5944
5945
5946
5947
5948
5949
5950
5951
5953
5955
5957
5959
5960
5963
5964
5965
5966
5967
5968
5969
5971
5972
5975
5981
5983
5984
5985
5986
5987
5990
5991
5993
5994
5996
5997
5998
5999
6000
6003
6006
6008
6010
6014
6017
6018
6019
6020
6022
6024
6025
6027
6028
6031
6032
6037
6038
6039
6040
6042
6043
6045
6046
6047
6048
6049
6050
6052
6053
6054
6055
6057
6059
6061
6062
6063
6064
6066
6067
6068
6069
6071
6072
6073
6075
6076
6077
6078
6079
6080
6081
6082
6084
6086
6087
6088
6089
6091
6094
6096
6097
6098
6099
6100
6101
6103
6104
6105
6107
6109
6110
6111
6112
6113
6114
6115
6117
6118
6120
6122
6123
6124
6126
6127
6128
6129
6130
6131
6136
6138
6140
6141
6143
6145
6147
6150
6151
6152
6155
6156
6158
6159
6166
6167
6169
6171
6173
6176
6177
6178
6180
6181
6182
6183
6185
6186
6187
6188
6192
6194
6195
6197
6198
6200
6201
6202
6207
6208
6209
6210
6211
6212
6215
6217
6218
6219
6220
6221
6222
6223
6226
6227
6228
6229
6230
6231
6233
6234
6235
6237
6240
6243
6244
6245
6246
6248
6249
6252
6254
6256
6259
6260
6261
6262
6263
6264
6267
6269
6270
6271
6274
6275
6276
6278
6279
6280
6282
6283
6287
6288
6290
6291
6292
6296
6297
6298
6299
6300
6301
6303
6305
6306
6307
6308
6309
6311
6313
6315
6316
6317
6319
6320
6322
6323
6325
6326
6328
6329
6330
6338
6339
6340
6342
6343
6346
6347
6348
6349
6350
6351
6353
6355
6357
6359
6360
6361
6362
6363
6367
6368
6369
6370
6371
6372
6373
6376
6377
6378
6380
6381
6383
6385
6387
6388
6390
6391
6393
6394
6395
6402
6404
6405
6407
6408
6409
6411
6412
6413
6414
6415
6417
6418
6420
6423
6424
6425
6426
6427
6431
6432
6433
6434
6435
6436
6438
6439
6441
6442
6444
6446
6447
6448
6449
6451
6453
6454
6455
6456
6458
6459
6460
6461
6463
6465
6467
6468
6469
6470
6471
6472
6476
6478
6479
6480
6481
6482
6484
6485
6486
6488
6489
6491
6492
6493
6494
6496
6499
6500
6501
6502
6503
6508
6509
6510
6511
6512
6513
6514
6518
6519
6520
6521
6522
6523
6524
6525
6527
6528
6529
6530
6531
6532
6533
6534
6535
6536
6537
6539
6540
6548
6550
6551
6552
6554
6557
6558
6559
6560
6561
6562
6564
6566
6569
6571
6573
6574
6575
6577
6579
6580
6581
6583
6584
6585
6586
6587
6588
6589
6590
6592
6593
6594
6595
6596
6597
6598
6601
6602
6603
6605
6606
6609
6610
6611
6612
6613
6614
6615
6617
6621
6623
6624
6626
6627
6628
6629
6630
6633
6635
6636
6637
6643
6644
6645
6653
6654
6655
6656
6658
6659
6661
6662
6663
6665
6666
6667
6668
6669
6673
6676
6678
6681
6682
6684
6685
6686
6688
6689
6691
6692
6693
6695
6696
6699
6700
6703
6705
6706
6708
6714
6715
6717
6718
6721
6722
6725
6726
6728
6729
6730
6734
6735
6736
6738
6740
6743
6745
6747
6749
6751
6752
6753
6754
6755
6757
6758
6759
6761
6762
6763
6764
6765
6766
6770
6772
6773
6774
6775
6776
6778
6779
6780
6781
6782
6783
6785
6786
6792
6793
6794
6796
6797
6799
6800
6802
6803
6807
6809
6810
6812
6815
6819
6820
6822
6823
6824
6825
6826
6829
6830
6833
6834
6835
6836
6837
6838
6839
6840
6842
6845
6846
6849
6852
6854
6855
6857
6858
6859
6860
6861
6862
6863
6866
6867
6868
6872
6874
6875
6876
6877
6879
6882
6883
6884
6885
6886
6887
6888
6890
6891
6893
6894
6895
6896
6897
6898
6899
6901
6904
6905
6906
6907
6909
6910
6912
6913
6916
6917
6919
6922
6925
6926
6927
6928
6931
6932
6935
6936
6937
6939
6940
6941
6943
6944
6945
6947
6948
6949
6951
6953
6954
6955
6957
6960
6961
6964
6966
6967
6968
6969
6970
6971
6972
6973
6975
6976
6979
6981
6982
6983
6989
6990
6992
6993
6996
6997
6998
7002
7003
7004
7008
7009
7012
7017
7018
7019
7020
7021
7022
7024
7025
7027
7029
7030
7031
7032
7033
7034
7035
7037
7042
7043
7045
7046
7047
7048
7049
7052
7054
7055
7056
7058
7059
7061
7063
7066
7068
7070
7073
7074
7076
7077
7078
7079
7080
7081
7082
7083
7084
7087
7089
7091
7092
7093
7095
7098
7100
7101
7102
7103
7106
7107
7111
7114
7115
7116
7118
7119
7121
7124
7125
7126
7127
7128
7130
7131
7134
7137
7141
7142
7144
7145
7146
7147
7148
7149
7151
7153
7156
7157
7158
7159
7160
7161
7162
7164
7165
7166
7167
7169
7170
7172
7173
7174
7175
7178
7179
7180
7181
7183
7184
7185
7189
7190
7191
7192
7193
7196
7197
7198
7199
7201
7202
7203
7205
7208
7209
7210
7211
7212
7216
7220
7221
7222
7223
7224
7225
7227
7228
7229
7230
7231
7232
7233
7234
7235
7237
7238
7241
7242
7243
7245
7246
7247
7248
7249
7255
7256
7257
7258
7259
7260
7261
7262
7263
7264
7265
7267
7270
7272
7273
7274
7275
7276
7277
7278
7280
7281
7283
7286
7287
7289
7290
7291
7296
7297
7298
7301
7302
7305
7307
7308
7310
7311
7312
7313
7314
7315
7321
7322
7324
7326
7327
7329
7330
7332
7335
7337
7338
7339
7340
7342
7344
7345
7346
7347
7348
7349
7350
7351
7352
7353
7354
7360
7361
7362
7363
7364
7365
7366
7367
7368
7369
7370
7371
7372
7375
7376
7379
7380
7384
7385
7386
7387
7389
7390
7392
7393
7397
7398
7399
7400
7401
7403
7404
7405
7409
7411
7412
7413
7414
7415
7417
7420
7421
7422
7423
7426
7427
7428
7430
7431
7432
7433
7434
7435
7437
7438
7442
7445
7447
7448
7450
7451
7454
7456
7457
7458
7460
7462
7464
7465
7466
7467
7469
7471
7472
7473
7477
7479
7480
7482
7484
7486
7487
7490
7492
7493
7494
7496
7497
7498
7500
7501
7504
7505
7506
7507
7509
7520
7522
7523
7525
7526
7527
7529
7530
7532
7533
7534
7535
7537
7538
7539
7540
7541
7544
7545
7546
7548
7550
7551
7552
7555
7557
7558
7559
7560
7561
7563
7564
7567
7568
7569
7571
7574
7575
7576
7577
7579
7580
7582
7585
7587
7588
7589
7590
7591
7593
7594
7595
7596
7597
7598
7599
7600
7602
7605
7608
7610
7612
7614
7616
7618
7621
7625
7626
7627
7629
7632
7634
7635
7638
7640
7641
7643
7644
7646
7647
7648
7651
7652
7655
7657
7658
7660
7661
7663
7665
7669
7670
7671
7672
7673
7674
7675
7677
7678
7679
7680
7681
7682
7687
7688
7690
7692
7693
7694
7695
7698
7699
7700
7703
7704
7705
7707
7708
7710
7711
7714
7715
7716
7719
7720
7721
7722
7724
7726
7728
7729
7730
7731
7732
7733
7735
7736
7737
7738
7739
7740
7741
7742
7744
7745
7746
7747
7748
7750
7751
7752
7753
7754
7756
7758
7759
7760
7761
7762
7763
7764
7767
7768
7769
7770
7771
7772
7773
7774
7775
7776
7777
7779
7783
7784
7785
7786
7788
7789
7791
7793
7794
7795
7796
7798
7799
7800
7801
7803
7804
7805
7807
7809
7811
7812
7813
7814
7816
7817
7818
7819
7821
7822
7824
7825
7826
7829
7830
7831
7832
7833
7835
7837
7838
7839
7841
7844
7847
7848
7849
7850
7852
7853
7854
7855
7858
7859
7860
7863
7865
7868
7869
7870
7872
7873
7874
7875
7877
7878
7879
7880
7882
7883
7885
7886
7887
7888
7891
7893
7895
7896
7898
7900
7901
7902
7903
7904
7906
7909
7910
7912
7913
7914
7915
7916
7919
7920
7923
7924
7925
7927
7928
7929
7930
7932
7933
7934
7936
7937
7940
7941
7942
7945
7946
7947
7948
7949
7950
7951
7952
7953
7954
7956
7959
7960
7961
7963
7964
7968
7970
7972
7973
7974
7976
7977
7979
7982
7986
7987
7988
7990
7991
7992
7994
7995
7996
7997
7998
7999
8000
8001
8002
8003
8006
8007
8008
8009
8012
8015
8018
8019
8023
8024
8026
8028
8029
8030
8031
8032
8039
8040
8041
8043
8044
8045
8046
8051
8052
8053
8058
8059
8060
8063
8064
8065
8066
8067
8069
8070
8071
8073
8075
8076
8078
8079
8080
8081
8085
8086
8087
8088
8089
8090
8091
8093
8098
8099
8100
8101
8104
8108
8109
8110
8111
8112
8113
8114
8115
8116
8117
8119
8123
8129
8130
8133
8137
8140
8142
8143
8145
8146
8147
8149
8150
8152
8156
8157
8158
8160
8162
8163
8164
8165
8167
8169
8170
8172
8173
8175
8176
8178
8180
8184
8185
8186
8188
8189
8191
8192
8193
8195
8196
8197
8198
8200
8201
8202
8203
8204
8205
8206
8210
8211
8212
8213
8215
8216
8219
8221
8223
8224
8225
8226
8227
8232
8234
8236
8238
8239
8240
8243
8245
8246
8247
8248
8249
8250
8252
8253
8254
8255
8256
8258
8259
8261
8263
8264
8265
8267
8270
8271
8272
8274
8275
8276
8277
8278
8279
8280
8281
8282
8283
8288
8290
8291
8292
8294
8295
8296
8297
8300
8301
8302
8305
8306
8307
8308
8310
8311
8312
8313
8316
8317
8318
8319
8322
8324
8326
8327
8329
8334
8338
8340
8343
8344
8345
8347
8348
8349
8350
8351
8352
8353
8354
8357
8359
8360
8361
8362
8364
8366
8367
8368
8374
8375
8376
8377
8378
8379
8381
8382
8383
8384
8387
8392
8393
8394
8395
8396
8397
8399
8403
8404
8405
8407
8408
8410
8411
8412
8413
8414
8415
8416
8417
8418
8420
8422
8423
8425
8426
8427
8428
8431
8432
8433
8434
8435
8436
8437
8438
8439
8440
8441
8442
8445
8447
8448
8449
8450
8455
8457
8458
8459
8460
8461
8462
8463
8464
8466
8468
8469
8470
8471
8472
8477
8478
8480
8482
8484
8485
8486
8487
8489
8491
8492
8493
8495
8496
8497
8498
8499
8500
8501
8502
8503
8504
8507
8509
8510
8511
8513
8516
8517
8518
8520
8521
8524
8527
8528
8529
8534
8536
8541
8542
8545
8546
8547
8549
8550
8552
8553
8554
8555
8557
8559
8560
8561
8563
8564
8566
8567
8568
8570
8571
8572
8573
8575
8579
8580
8581
8582
8584
8586
8587
8588
8589
8590
8591
8593
8594
8595
8597
8598
8599
8601
8602
8603
8604
8605
8606
8607
8609
8610
8611
8613
8616
8617
8618
8623
8624
8626
8627
8630
8632
8635
8640
8641
8642
8643
8647
8650
8651
8652
8654
8656
8657
8659
8660
8661
8662
8663
8665
8666
8668
8669
8671
8672
8674
8675
8676
8677
8678
8679
8680
8683
8686
8691
8694
8695
8696
8697
8701
8703
8705
8706
8710
8711
8713
8714
8715
8716
8717
8720
8723
8724
8727
8729
8731
8732
8733
8734
8736
8737
8741
8745
8746
8747
8749
8752
8753
8754
8755
8756
8758
8759
8760
8761
8762
8763
8764
8765
8766
8767
8768
8770
8772
8773
8774
8775
8777
8779
8785
8786
8787
8788
8790
8791
8792
8793
8794
8795
8798
8799
8801
8802
8806
8807
8809
8810
8811
8812
8813
8814
8815
8816
8819
8820
8821
8822
8823
8826
8827
8830
8831
8832
8834
8835
8836
8838
8839
8840
8841
8842
8843
8845
8846
8847
8850
8852
8854
8855
8858
8861
8863
8864
8865
8866
8867
8869
8870
8871
8873
8874
8875
8876
8878
8879
8883
8885
8887
8888
8889
8892
8893
8896
8897
8898
8900
8902
8903
8904
8908
8909
8910
8911
8912
8913
8914
8917
8918
8919
8922
8923
8925
8927
8929
8932
8933
8935
8937
8938
8939
8941
8943
8944
8946
8947
8948
8949
8951
8955
8957
8958
8959
8961
8963
8964
8965
8967
8968
8969
8972
8974
8976
8977
8979
8980
8981
8983
8986
8988
8990
8991
8992
8993
8994
8998
9000
9001
9008
9009
9011
9013
9014
9019
9024
9027
9030
9033
9037
9038
9044
9045
9049
9051
9054
9057
9059
9067
9069
9071
9072
9079
9080
9081
9082
9085
9086
9088
9092
9093
9094
9103
9109
9112
9116
9117
9119
9120
9125
9131
9136
9139
9141
9143
9145
9155
9162
9163
9164
9170
9171
9175
9178
9179
9184
9188
9190
9193
9198
9203
9205
9206
9207
9210
9211
9213
9220
9221
9222
9225
9227
9228
9229
9230
9231
9233
9235
9237
9239
9242
9244
9248
9254
9255
9256
9257
9260
9263
9265
9268
9271
9272
9275
9280
9284
9285
9286
9292
9293
9296
9297
9298
9300
9301
9302
9309
9321
9322
9326
9329
9330
9331
9336
9341
9342
9345
9346
9350
9353
9356
9362
9363
9366
9370
9371
9374
9380
9381
9384
9385
9386
9387
9389
9393
9395
9396
9397
9399
9404
9406
9407
9409
9415
9421
9424
9426
9429
9430
9435
9442
9448
9449
9450
9451
9454
9455
9456
9459
9460
9461
9464
9465
9466
9467
9468
9470
9474
9475
9476
9479
9480
9481
9483
9488
9489
9495
9501
9502
9503
9505
9509
9510
9511
9515
9516
9519
9520
9521
9522
9528
9538
9539
9540
9541
9543
9546
9547
9548
9551
9552
9553
9559
9568
9573
9579
9580
9584
9586
9587
9588
9589
9591
9592
9594
9595
9597
9598
9599
9600
9602
9608
9609
9616
9621
9625
9627
9632
9636
9637
9639
9640
9641
9648
9651
9653
9657
9659
9662
9663
9666
9667
9669
9672
9679
9692
9694
9699
9700
9702
9703
9706
9707
9718
9721
9722
9726
9727
9732
9735
9736
9738
9740
9741
9743
9744
9748
9749
9750
9751
9754
9755
9756
9760
9761
9764
9765
9767
9768
9769
9774
9778
9782
9785
9790
9792
9794
9800
9803
9804
9810
9815
9817
9818
9819
9820
9823
9825
9826
9827
9830
9831
9834
9835
9837
9838
9839
9841
9844
9849
9851
9852
9855
9863
9865
9867
9869
9870
9872
9873
9874
9875
9879
9883
9885
9887
9893
9897
9898
9899
9900
9903
9906
9908
9909
9912
9918
9922
9923
9924
9925
9936
9938
9946
9947
9948
9949
9950
9954
9955
9959
9961
9967
9969
9973
9974
9975
9980
9983
9988
9989
9992
9994
9996
9998
10000
10001
4
5
6
20
21
22
7
15
17
39
55
58
63
70
84
88
103
132
140
145
179
200
205
246
263
393
421
426
431
438
453
483
509
516
615
646
661
666
685
689
693
708
747
771
786
952
958
970
998
1034
1118
1248
1301
1315
1324
1389
1396
1414
1416
1427
1497
1504
1519
1523
1525
1526
1739
1740
1741
1746
1747
1748
1751
1752
1754
1755
1756
1757
1758
1759
1760
1761
1762
1763
1764
1768
1769
1770
1771
1772
1773
1777
1778
1779
1780
1781
1783
1785
1787
1788
1791
1793
1795
1798
1800
1801
1802
1803
1804
1805
1808
1809
1810
1840
1872
2007
2259
2276
2354
2355
2358
2359
2360
2367
2411
2413
2510
2626
2680
2692
2778
2809
2812
2833
2839
2841
2866
2954
3039
3103
3131
3132
3134
3136
3137
3138
3139
3142
3143
3147
3148
3150
3151
3152
3154
3155
3156
3157
3158
3159
3161
3162
3163
3164
3167
3169
3171
3172
3173
3174
3175
3176
3177
3178
3180
3183
3185
3187
3189
3191
3192
3193
3195
3196
3197
3198
3200
3201
3202
3754
4326
4408
4538
4624
4750
5167
5328
5393
5429
5449
5494
5913
6005
6012
6036
6284
6549
7013
7150
7381
7502
8035
8094
8237
8363
8430
8443
8592
8751
8960
9078
9312
9572
9945
9987
4
5
6
20
21
22
6074
3939
2361
2276
1776
1173.jpg

Metadata URIs:
   https://y25vmzcpansexlwvslmfbgxynlejyk6jm4oou6jl57iz4nm2t5ua.arweave.net/xrtWZE8DZEuu1ZLYUJr4asicK8lnHOp5K-_RnjWan2g/1173.json

License URIs:
   https://brupjmoujkngrphu3i2duumbdrhef55hxdhm52lktnwxt54gs6aq.arweave.net/DGj0sdRKmmi89No0OlGBHE5C96e4zs7papttefeGl4E
